0 0.0 -0.50 0.0084
1 0.0 0.50 0.0092
2 0.1 -0.50 0.0077
3 0.1 0.50 0.0004
4 0.1 -0.50 0.0038
5 0.1 0.50 0.0070
6 0.2 -0.50 0.0073
7 0.2 0.50 0.0022
8 0.2 -0.50 0.0027
9 0.2 0.50 0.0067
10 0.3 -0.50 0.0048
11 0.3 0.50 0.0062
12 0.3 -0.50 0.0024
13 0.3 0.50 0.0018
14 0.4 -0.50 0.0083
15 0.4 0.50 0.0077
16 0.4 -0.50 0.0093
17 0.4 0.50 0.0011
18 0.5 -0.50 0.0018
19 0.5 0.50 0.0010
20 0.5 -0.50 0.0049
21 0.5 0.50 0.0019
22 0.6 -0.50 0.0090
23 0.6 0.50 0.0010
24 0.6 -0.50 0.0004
25 0.6 0.50 0.0056
26 0.7 -0.50 0.0077
27 0.7 0.50 0.0031
28 0.7 -0.50 0.0018
29 0.7 0.50 0.0034
30 0.8 -0.50 0.0021
31 0.8 0.50 0.0051
32 0.8 -0.50 0.0091
33 0.8 0.50 0.0063
34 0.9 -0.50 0.0010
35 0.9 0.50 0.0039
36 0.9 -0.50 0.0005
37 0.9 0.50 0.0050
38 1.0 -0.50 0.0043
39 1.0 0.50 0.0100
40 1.0 -0.50 0.0081
41 1.0 0.50 0.0049
42 1.1 -0.50 0.0089
43 1.1 0.50 0.0014
44 1.1 -0.50 0.0039
45 1.1 0.50 0.0093
46 1.2 -0.50 0.0092
47 1.2 0.50 0.0071
48 1.2 -0.50 0.0062
49 1.2 0.50 0.0034
50 1.3 -0.50 0.0094
51 1.3 0.50 0.0012
52 1.3 -0.50 0.0073
53 1.3 0.50 0.0065
54 1.4 -0.50 0.0083
55 1.4 0.50 0.0040
56 1.4 -0.50 0.0075
57 1.4 0.50 0.0084
58 1.5 -0.50 0.0032
59 1.5 0.50 0.0055
60 1.5 -0.50 0.0098
61 1.5 0.50 0.0055
62 1.6 -0.50 0.0033
63 1.6 0.50 0.0062
64 1.6 -0.50 0.0036
65 1.6 0.50 0.0076
66 1.7 -0.50 0.0041
67 1.7 0.50 0.0049
68 1.7 -0.50 0.0069
69 1.7 0.50 0.0097
70 1.8 -0.50 0.0033
71 1.8 0.50 0.0084
72 1.8 -0.50 0.0074
73 1.8 0.50 0.0095
74 1.9 -0.50 0.0003
75 1.9 0.50 0.0036
76 1.9 -0.50 0.0066
77 1.9 0.50 0.0028
78 2.0 -0.50 0.0023
79 2.0 0.50 0.0071
80 2.0 -0.50 0.0062
81 2.0 0.50 0.0059
82 2.1 -0.50 0.0066
83 2.1 0.50 0.0005
84 2.1 -0.50 0.0035
85 2.1 0.50 0.0045
86 2.1 -0.50 0.0024
87 2.1 0.50 0.0072
88 2.2 -0.50 0.0086
89 2.2 0.50 0.0028
90 2.3 -0.50 0.0073
91 2.3 0.50 0.0014
92 2.3 -0.50 0.0084
93 2.3 0.50 0.0014
94 2.4 -0.50 0.0059
95 2.4 0.50 0.0037
96 2.4 -0.50 0.0081
97 2.4 0.50 0.0050
98 2.5 -0.50 0.0049
99 2.5 0.50 0.0088
100 2.5 -0.50 0.0035
101 2.5 0.50 0.0045
102 2.6 -0.50 0.0096
103 2.6 0.50 0.0004
104 2.6 -0.50 0.0097
105 2.6 0.50 0.0019
106 2.7 -0.50 0.0067
107 2.7 0.50 0.0059
108 2.7 -0.50 0.0068
109 2.7 0.50 0.0036
110 2.8 -0.50 0.0062
111 2.8 0.50 0.0081
112 2.8 -0.50 0.0002
113 2.8 0.50 0.0008
114 2.9 -0.50 0.0097
115 2.9 0.50 0.0065
116 2.9 -0.50 0.0023
117 2.9 0.50 0.0040
118 3.0 -0.50 0.0012
119 3.0 0.50 0.0027
120 3.0 -0.50 0.0026
121 3.0 0.50 0.0033
122 3.1 -0.50 0.0015
123 3.1 0.50 0.0035
124 3.1 -0.50 0.0012
125 3.1 0.50 0.0088
126 3.2 -0.50 0.0009
127 3.2 0.50 0.0093
128 3.2 -0.50 0.0040
129 3.2 0.50 0.0005
130 3.3 -0.50 0.0034
131 3.3 0.50 0.0074
132 3.3 -0.50 0.0079
133 3.3 0.50 0.0054
134 3.4 -0.50 0.0069
135 3.4 0.50 0.0089
136 3.4 -0.50 0.0005
137 3.4 0.50 0.0030
138 3.5 -0.50 0.0005
139 3.5 0.50 0.0020
140 3.5 -0.50 0.0072
141 3.5 0.50 0.0072
142 3.6 -0.50 0.0088
143 3.6 0.50 0.0058
144 3.6 -0.50 0.0007
145 3.6 0.50 0.0092
146 3.7 -0.50 0.0080
147 3.7 0.50 0.0029
148 3.7 -0.50 0.0054
149 3.7 0.50 0.0098
150 3.8 -0.50 0.0072
151 3.8 0.50 0.0084
152 3.8 -0.50 0.0043
153 3.8 0.50 0.0047
154 3.9 -0.50 0.0056
155 3.9 0.50 0.0027
156 3.9 -0.50 0.0075
157 3.9 0.50 0.0050
158 4.0 -0.50 0.0065
159 4.0 0.50 0.0031
160 4.0 -0.50 0.0014
161 4.0 0.50 0.0048
162 4.0 -0.50 0.0036
163 4.0 0.50 0.0079
164 4.1 -0.50 0.0078
165 4.1 0.50 0.0067
166 4.2 -0.50 0.0013
167 4.2 0.50 0.0002
168 4.2 -0.50 0.0056
169 4.2 0.50 0.0030
170 4.3 -0.50 0.0094
171 4.3 0.50 0.0098
172 4.3 -0.50 0.0029
173 4.3 0.50 0.0080
174 4.4 -0.50 0.0090
175 4.4 0.50 0.0060
176 4.4 -0.50 0.0088
177 4.4 0.50 0.0094
178 4.5 -0.50 0.0055
179 4.5 0.50 0.0073
180 4.5 -0.50 0.0058
181 4.5 0.50 0.0003
182 4.5 -0.50 0.0045
183 4.5 0.50 0.0065
184 4.6 -0.50 0.0052
185 4.6 0.50 0.0037
186 4.7 -0.50 0.0094
187 4.7 0.50 0.0083
188 4.7 -0.50 0.0085
189 4.7 0.50 0.0037
190 4.8 -0.50 0.0059
191 4.8 0.50 0.0087
192 4.8 -0.50 0.0093
193 4.8 0.50 0.0067
194 4.9 -0.50 0.0021
195 4.9 0.50 0.0065
196 4.9 -0.50 0.0007
197 4.9 0.50 0.0041
198 5.0 -0.50 0.0067
199 5.0 0.50 0.0093
200 5.0 -0.50 0.0081
